   3.468865         3.514104    
   3.463367         3.516047    
   3.457467         3.518625    
   3.451180         3.521969    
   3.444542         3.526234    
   3.437622         3.531595    
   3.430531         3.538247    
   3.423435         3.546401    
   3.416572         3.556273    
   3.410268         3.568071    
   3.404959         3.581962    
   3.401197         3.598038    
   3.399652         3.616258    
   3.401096         3.636382    
   3.406340         3.657899    
   3.416137         3.679958    
   3.431030         3.701349    
   3.451165         3.720553    
   3.476118         3.735906    
   3.504803         3.745862    
   3.535534         3.429938    
   3.566265         3.745862    
   3.594950         3.735906    
   3.619902         3.720553    
   3.640038         3.701349    
   3.654930         3.679958    
   3.664728         3.657899    
   3.669971         3.636382    
   3.671415         3.616258    
   3.669871         3.598038    
   3.666109         3.581962    
   3.660800         3.568071    
   3.654496         3.556273    
   3.647633         3.546401    
   3.640537         3.538247    
   3.633446         3.531595    
   3.626526         3.526234    
   3.619888         3.521969    
   3.613600         3.518625    
   3.607700         3.516047    
   3.602203         3.514104    
   3.467419         3.508551    
   3.461350         3.510031    
   3.454750         3.512141    
   3.447608         3.515031    
   3.439936         3.518880    
   3.431775         3.523900    
   3.423209         3.530336    
   3.414385         3.538468    
   3.405530         3.548599    
   3.396984         3.561048    
   3.389226         3.576119    
   3.382908         3.594053    
   3.378871         3.614962    
   3.378149         3.638730    
   3.381915         3.664887    
   3.391368         3.692479    
   3.407514         3.719975    
   3.430859         3.745281    
   3.461076         3.765935    
   3.496774         3.779531    
   3.535534         3.424380    
   3.574293         3.779531    
   3.609992         3.765935    
   3.640208         3.745281    
   3.663553         3.719975    
   3.679699         3.692479    
   3.689153         3.664887    
   3.692919         3.638730    
   3.692197         3.614962    
   3.688160         3.594053    
   3.681841         3.576119    
   3.674084         3.561048    
   3.665538         3.548599    
   3.656683         3.538468    
   3.647858         3.530336    
   3.639293         3.523900    
   3.631132         3.518880    
   3.623460         3.515031    
   3.616318         3.512141    
   3.609717         3.510031    
   3.603649         3.508551    
   3.466485         3.502496    
   3.459868         3.503389    
   3.452576         3.504883    
   3.444571         3.507140    
   3.435825         3.510362    
   3.426342         3.514795    
   3.416160         3.520736    
   3.405384         3.528537    
   3.394203         3.538605    
   3.382940         3.551395    
   3.372087         3.567391    
   3.362371         3.587054    
   3.354802         3.610749    
   3.350718         3.638608    
   3.351773         3.670340    
   3.359825         3.704996    
   3.376658         3.740726    
   3.403496         3.774665    
   3.440371         3.803126    
   3.485569         3.822241    
   3.535534         3.418205    
   3.585499         3.822241    
   3.630697         3.803126    
   3.667572         3.774665    
   3.694410         3.740726    
   3.711243         3.704996    
   3.719295         3.670340    
   3.720350         3.638608    
   3.716266         3.610749    
   3.708697         3.587054    
   3.698981         3.567391    
   3.688128         3.551395    
   3.676864         3.538605    
   3.665684         3.528537    
   3.654908         3.520736    
   3.644726         3.514795    
   3.635242         3.510362    
   3.626497         3.507140    
   3.618491         3.504883    
   3.611200         3.503389    
   3.604583         3.502496    
   3.466178         3.495977    
   3.459061         3.496153    
   3.451120         3.496867    
   3.442276         3.498290    
   3.432460         3.500641    
   3.421616         3.504191    
   3.409721         3.509286    
   3.396806         3.516347    
   3.382989         3.525893    
   3.368523         3.538535    
   3.353860         3.554980    
   3.339741         3.575988    
   3.327302         3.602304    
   3.318187         3.634501    
   3.314628         3.672717    
   3.319413         3.716263    
   3.335596         3.763116    
   3.365792         3.809485    
   3.411013         3.849804    
   3.469377         3.877639    
   3.535534         3.411304    
   3.601691         3.877639    
   3.660054         3.849804    
   3.705276         3.809485    
   3.735472         3.763116    
   3.751655         3.716263    
   3.756439         3.672717    
   3.752881         3.634501    
   3.743765         3.602304    
   3.731327         3.575988    
   3.717208         3.554980    
   3.702545         3.538535    
   3.688078         3.525893    
   3.674262         3.516347    
   3.661347         3.509286    
   3.649452         3.504191    
   3.638608         3.500641    
   3.628791         3.498290    
   3.619948         3.496867    
   3.612007         3.496153    
   3.604890         3.495977    
   3.466617         3.489059    
   3.459079         3.488384    
   3.450567         3.488149    
   3.440958         3.488523    
   3.430127         3.489730    
   3.417950         3.492058    
   3.404316         3.495883    
   3.389153         3.501691    
   3.372458         3.510099    
   3.354350         3.521884    
   3.335154         3.538003    
   3.315517         3.559589    
   3.296581         3.587911    
   3.280200         3.624240    
   3.269197         3.669543    
   3.267545         3.723915    
   3.280259         3.785667    
   3.312561         3.850176    
   3.367887         3.909134    
   3.444934         3.951467    
   3.535534         3.403539    
   3.626134         3.951467    
   3.703181         3.909134    
   3.758507         3.850176    
   3.790809         3.785666    
   3.803523         3.723915    
   3.801871         3.669543    
   3.790868         3.624240    
   3.774487         3.587911    
   3.755550         3.559589    
   3.735914         3.538003    
   3.716717         3.521884    
   3.698610         3.510099    
   3.681915         3.501691    
   3.666752         3.495883    
   3.653118         3.492058    
   3.640940         3.489730    
   3.630109         3.488523    
   3.620501         3.488149    
   3.611989         3.488384    
   3.604451         3.489059    
   3.467915         3.481835    
   3.460069         3.480181    
   3.451108         3.478830    
   3.440863         3.477936    
   3.429144         3.477712    
   3.415745         3.478445    
   3.400451         3.480521    
   3.383052         3.484461    
   3.363371         3.490958    
   3.341319         3.500932    
   3.316970         3.515583    
   3.290712         3.536457    
   3.263465         3.565469    
   3.237033         3.604871    
   3.214605         3.657009    
   3.201382         3.723692    
   3.205073         3.804800    
   3.235501         3.895869    
   3.301785         3.985177    
   3.405900         4.053180    
   3.535534         3.394739    
   3.665168         4.053180    
   3.769283         3.985177    
   3.835567         3.895869    
   3.865995         3.804800    
   3.869686         3.723692    
   3.856462         3.657009    
   3.834035         3.604871    
   3.807603         3.565469    
   3.780356         3.536457    
   3.754098         3.515583    
   3.729749         3.500932    
   3.707696         3.490958    
   3.688016         3.484461    
   3.670617         3.480521    
   3.655323         3.478445    
   3.641924         3.477712    
   3.630205         3.477936    
   3.619959         3.478830    
   3.610999         3.480181    
   3.603153         3.481835    
   3.470176         3.474428    
   3.462172         3.471684    
   3.452932         3.469063    
   3.442239         3.466692    
   3.429839         3.464754    
   3.415437         3.463510    
   3.398696         3.463325    
   3.379244         3.464711    
   3.356684         3.468389    
   3.330631         3.475358    
   3.300781         3.487006    
   3.267037         3.505245    
   3.229760         3.532665    
   3.190198         3.572695    
   3.151248         3.629642    
   3.118722         3.708346    
   3.103153         3.812716    
   3.121459         3.941801    
   3.195225         4.082034    
   3.338684         4.199178    
   3.535534         3.384683    
   3.732383         4.199178    
   3.875842         4.082034    
   3.949608         3.941801    
   3.967915         3.812716    
   3.952346         3.708346    
   3.919820         3.629642    
   3.880870         3.572695    
   3.841307         3.532665    
   3.804030         3.505245    
   3.770287         3.487006    
   3.740436         3.475358    
   3.714383         3.468389    
   3.691823         3.464711    
   3.672371         3.463325    
   3.655631         3.463510    
   3.641229         3.464754    
   3.628829         3.466692    
   3.618136         3.469063    
   3.608896         3.471684    
   3.600892         3.474428    
   3.473484         3.466992    
   3.465505         3.463070    
   3.456202         3.459054    
   3.445315         3.455026    
   3.432528         3.451121    
   3.417460         3.447541    
   3.399649         3.444589    
   3.378546         3.442717    
   3.353502         3.442591    
   3.323775         3.445189    
   3.288554         3.451953    
   3.247036         3.464994    
   3.198603         3.487409    
   3.143216         3.523715    
   3.082249         3.580430    
   3.020236         3.666645    
   2.968423         3.793901    
   2.951225         3.972753    
   3.013566         4.198717    
   3.210062         4.419222    
   3.535534         3.373079    
   3.861006         4.419222    
   4.057502         4.198717    
   4.119843         3.972753    
   4.102645         3.793901    
   4.050832         3.666645    
   3.988819         3.580430    
   3.927851         3.523715    
   3.872465         3.487409    
   3.824032         3.464994    
   3.782514         3.451953    
   3.747293         3.445189    
   3.717566         3.442591    
   3.692522         3.442717    
   3.671418         3.444589    
   3.653608         3.447541    
   3.638540         3.451121    
   3.625753         3.455026    
   3.614866         3.459054    
   3.605563         3.463070    
   3.597584         3.466992    
   3.477895         3.459708    
   3.470154         3.454558    
   3.461046         3.449063    
   3.450279         3.443249    
   3.437486         3.437179    
   3.422211         3.430967    
   3.403879         3.424809    
   3.381772         3.419029    
   3.354990         3.414142    
   3.322411         3.410966    
   3.282651         3.410783    
   3.234035         3.415603    
   3.174612         3.428591    
   3.102295         3.454767    
   3.015328         3.502195    
   2.913653         3.583995    
   2.802779         3.721640    
   2.704953         3.948874    
   2.689629         4.305861    
   2.923052         4.765183    
   3.535534         3.359541    
   4.148015         4.765184    
   4.381439         4.305861    
   4.366115         3.948874    
   4.268289         3.721640    
   4.157415         3.583995    
   4.055739         3.502195    
   3.968773         3.454767    
   3.896456         3.428591    
   3.837033         3.415603    
   3.788417         3.410783    
   3.748657         3.410966    
   3.716078         3.414142    
   3.689296         3.419029    
   3.667189         3.424809    
   3.648857         3.430967    
   3.633581         3.437179    
   3.620789         3.443249    
   3.610022         3.449063    
   3.600914         3.454558    
   3.593172         3.459708    
   3.483429         3.452778    
   3.476159         3.446396    
   3.467538         3.439396    
   3.457253         3.431737    
   3.444908         3.423392    
   3.429994         3.414358    
   3.411853         3.404683    
   3.389636         3.394495    
   3.362230         3.384058    
   3.328177         3.373868    
   3.285555         3.364795    
   3.231810         3.358341    
   3.163550         3.357069    
   3.076248         3.365375    
   2.963879         3.390938    
   2.818576         3.447641    
   2.630867         3.562099    
   2.393930         3.790020    
   2.134388         4.261140    
   2.132391         5.251323    
   3.535534         3.343541    
   4.938676         5.251325    
   4.936680         4.261140    
   4.677138         3.790020    
   4.440201         3.562098    
   4.252492         3.447641    
   4.107189         3.390938    
   3.994820         3.365375    
   3.907517         3.357069    
   3.839257         3.358341    
   3.785513         3.364795    
   3.742890         3.373868    
   3.708838         3.384058    
   3.681432         3.394495    
   3.659214         3.404683    
   3.641074         3.414358    
   3.626159         3.423392    
   3.613814         3.431737    
   3.603530         3.439396    
   3.594908         3.446396    
   3.587639         3.452778    
   3.490059         3.446418    
   3.483505         3.438851    
   3.475680         3.430390    
   3.466270         3.420916    
   3.454876         3.410300    
   3.440971         3.398405    
   3.423862         3.385093    
   3.402631         3.370245    
   3.376040         3.353789    
   3.342412         3.335752    
   3.299441         3.316356    
   3.243915         3.296185    
   3.171283         3.276479    
   3.074950         3.259677    
   2.945034         3.250439    
   2.765953         3.257728    
   2.511044         3.299562    
   2.128041         3.416039    
   1.487025         3.717577    
  7.3403597E-02     4.735229    
   3.535534         3.324342    
   6.997666         4.735231    
   5.584044         3.717577    
   4.943027         3.416039    
   4.560024         3.299562    
   4.305115         3.257728    
   4.126035         3.250439    
   3.996117         3.259677    
   3.899785         3.276479    
   3.827153         3.296185    
   3.771627         3.316356    
   3.728656         3.335752    
   3.695027         3.353789    
   3.668437         3.370245    
   3.647205         3.385093    
   3.630097         3.398405    
   3.616192         3.410300    
   3.604797         3.420916    
   3.595388         3.430390    
   3.587562         3.438851    
   3.581008         3.446418    
   3.497711         3.440842    
   3.492113         3.432197    
   3.485389         3.422394    
   3.477252         3.411237    
   3.467327         3.398489    
   3.455113         3.383870    
   3.439943         3.367045    
   3.420913         3.347619    
   3.396786         3.325130    
   3.365843         3.299051    
   3.325666         3.268796    
   3.272797         3.233751    
   3.202198         3.193329    
   3.106355         3.147072    
   2.973697         3.094752    
   2.785561         3.036336    
   2.509669         2.970936    
   2.084120         2.890615    
   1.374387         2.743936    
  0.1617296         2.184088    
   3.535534         3.300876    
   6.909339         2.184086    
   5.696681         2.743936    
   4.986948         2.890615    
   4.561398         2.970936    
   4.285507         3.036336    
   4.097371         3.094752    
   3.964713         3.147072    
   3.868870         3.193329    
   3.798271         3.233751    
   3.745402         3.268796    
   3.705225         3.299051    
   3.674282         3.325130    
   3.650154         3.347619    
   3.631125         3.367045    
   3.615955         3.383870    
   3.603741         3.398489    
   3.593815         3.411237    
   3.585679         3.422394    
   3.578955         3.432197    
   3.573357         3.440842    
   3.506258         3.436254    
   3.501834         3.426695    
   3.496496         3.415746    
   3.490004         3.403140    
   3.482038         3.388541    
   3.472172         3.371531    
   3.459829         3.351588    
   3.444216         3.328044    
   3.424234         3.300053    
   3.398340         3.266521    
   3.364329         3.226030    
   3.319014         3.176712    
   3.257716         3.116058    
   3.173475         3.040577    
   3.055783         2.945111    
   2.888615         2.821220    
   2.647570         2.652973    
   2.297506         2.405190    
   1.802987         1.991943    
   1.220272         1.196522    
   3.535534         3.271544    
   5.850796         1.196521    
   5.268081         1.991943    
   4.773561         2.405190    
   4.423498         2.652973    
   4.182453         2.821220    
   4.015285         2.945111    
   3.897593         3.040577    
   3.813352         3.116058    
   3.752054         3.176712    
   3.706739         3.226030    
   3.672728         3.266521    
   3.646833         3.300053    
   3.626852         3.328044    
   3.611239         3.351588    
   3.598895         3.371531    
   3.589029         3.388541    
   3.581064         3.403140    
   3.574572         3.415746    
   3.569234         3.426695    
   3.564809         3.436254    
   3.515528         3.432830    
   3.512460         3.422573    
   3.508745         3.410747    
   3.504211         3.397022    
   3.498626         3.380984    
   3.491675         3.362104    
   3.482934         3.339700    
   3.471813         3.312878    
   3.457489         3.280462    
   3.438795         3.240877    
   3.414056         3.191988    
   3.380843         3.130855    
   3.335608         3.053356    
   3.273153         2.953581    
   3.185965         2.822817    
   3.063587         2.647750    
   2.893009         2.407190    
   2.663209         2.066649    
   2.381923         1.573710    
   2.093812        0.8669784    
   3.535534         3.233831    
   4.977256        0.8669775    
   4.689144         1.573710    
   4.407859         2.066649    
   4.178058         2.407191    
   4.007481         2.647750    
   3.885103         2.822817    
   3.797915         2.953581    
   3.735460         3.053356    
   3.690224         3.130855    
   3.657012         3.191988    
   3.632273         3.240877    
   3.613579         3.280462    
   3.599255         3.312878    
   3.588134         3.339700    
   3.579393         3.362104    
   3.572442         3.380984    
   3.566856         3.397022    
   3.562322         3.410747    
   3.558608         3.422573    
   3.555540         3.432830    
   3.525306         3.430706    
   3.523724         3.420012    
   3.521805         3.407630    
   3.519458         3.393197    
   3.516559         3.376244    
   3.512942         3.356169    
   3.508380         3.332182    
   3.502558         3.303241    
   3.495032         3.267949    
   3.485172         3.224406    
   3.472074         3.169998    
   3.454427         3.101077    
   3.430331         3.012482    
   3.397058         2.896844    
   3.350819         2.743583    
   3.286786         2.537605    
   3.200096         2.258020    
   3.089417         1.878324    
   2.964984         1.372386    
   2.852585        0.7445099    
   3.535534         3.183548    
   4.218483        0.7445092    
   4.106084         1.372386    
   3.981650         1.878324    
   3.870972         2.258020    
   3.784282         2.537605    
   3.720249         2.743583    
   3.674010         2.896844    
   3.640736         3.012482    
   3.616641         3.101077    
   3.598994         3.169998    
   3.585896         3.224406    
   3.576036         3.267949    
   3.568510         3.303241    
   3.562687         3.332182    
   3.558125         3.356169    
   3.554509         3.376244    
   3.551610         3.393197    
   3.549263         3.407630    
   3.547344         3.420012    
   3.545762         3.430706    
   3.535348         3.429972    
   3.535321         3.419125    
   3.535288         3.406550    
   3.535248         3.391869    
   3.535200         3.374596    
   3.535140         3.354102    
   3.535067         3.329561    
   3.534976         3.299875    
   3.534863         3.263570    
   3.534721         3.218632    
   3.534544         3.162277    
   3.534322         3.090612    
   3.534052         2.998127    
   3.533734         2.876982    
   3.533392         2.716072    
   3.533093         2.499999    
   3.532975         2.208629    
   3.533246         1.819016    
   3.534140         1.313064    
   3.544140        0.6933224    
   3.535534         3.113150    
   3.526927        0.6933217    
   3.536927         1.313064    
   3.537822         1.819016    
   3.538093         2.208630    
   3.537975         2.499999    
   3.537675         2.716072    
   3.537333         2.876982    
   3.537016         2.998127    
   3.536746         3.090613    
   3.536524         3.162277    
   3.536347         3.218632    
   3.536205         3.263570    
   3.536092         3.299875    
   3.536001         3.329561    
   3.535928         3.354102    
   3.535868         3.374596    
   3.535820         3.391869    
   3.535780         3.406550    
   3.535747         3.419125    
   3.535720         3.429972    
   3.545395         3.430656    
   3.546923         3.419952    
   3.548778         3.407559    
   3.551047         3.393110    
   3.553851         3.376138    
   3.557352         3.356038    
   3.561771         3.332021    
   3.567417         3.303041    
   3.574723         3.267698    
   3.584306         3.224092    
   3.597057         3.169605    
   3.614268         3.100588    
   3.637822         3.011889    
   3.670442         2.896160    
   3.715937         2.742877    
   3.779233         2.537065    
   3.865460         2.258019    
   3.976487         1.879362    
   4.102707         1.374323    
   4.207110        0.7228162    
   3.535534         3.007555    
   2.863958        0.7228158    
   2.968361         1.374323    
   3.094581         1.879362    
   3.205608         2.258019    
   3.291835         2.537065    
   3.355131         2.742877    
   3.400626         2.896160    
   3.433245         3.011889    
   3.456800         3.100588    
   3.474011         3.169605    
   3.486762         3.224092    
   3.496345         3.267698    
   3.503651         3.303041    
   3.509297         3.332021    
   3.513716         3.356038    
   3.517217         3.376138    
   3.520021         3.393110    
   3.522290         3.407559    
   3.524145         3.419952    
   3.525673         3.430656    
   3.555186         3.432731    
   3.558203         3.422456    
   3.561857         3.410606    
   3.566318         3.396852    
   3.571816         3.380777    
   3.578659         3.361851    
   3.587269         3.339386    
   3.598228         3.312488    
   3.612349         3.279974    
   3.630790         3.240264    
   3.655207         3.191217    
   3.688008         3.129889    
   3.732714         3.052161    
   3.794481         2.952153    
   3.880780         2.821233    
   4.002040         2.646297    
   4.171387         2.406610    
   4.400525         2.068405    
   4.683479         1.579317    
   4.938113        0.8905990    
   3.535534         2.831561    
   2.132955        0.8905983    
   2.387589         1.579317    
   2.670543         2.068405    
   2.899682         2.406610    
   3.069028         2.646297    
   3.190287         2.821233    
   3.276587         2.952153    
   3.338354         3.052161    
   3.383060         3.129889    
   3.415861         3.191217    
   3.440278         3.240264    
   3.458719         3.279974    
   3.472840         3.312488    
   3.483799         3.339386    
   3.492409         3.361851    
   3.499252         3.380777    
   3.504750         3.396852    
   3.509211         3.410606    
   3.512864         3.422457    
   3.515882         3.432731    
   3.564476         3.436111    
   3.568855         3.426525    
   3.574138         3.415543    
   3.580565         3.402894    
   3.588454         3.388242    
   3.598226         3.371167    
   3.610456         3.351138    
   3.625930         3.327486    
   3.645739         3.299355    
   3.671417         3.265643    
   3.705153         3.224920    
   3.750111         3.175304    
   3.810928         3.114277    
   3.894497         3.038348    
   4.011196         2.942402    
   4.176810         2.818175    
   4.415342         2.650324    
   4.761718         2.405506    
   5.254375         2.002570    
   5.862922         1.289038    
   3.535534         2.479575    
   1.208146         1.289037    
   1.816692         2.002570    
   2.309350         2.405506    
   2.655726         2.650324    
   2.894258         2.818175    
   3.059871         2.942402    
   3.176571         3.038348    
   3.260140         3.114277    
   3.320957         3.175305    
   3.365914         3.224920    
   3.399651         3.265643    
   3.425329         3.299355    
   3.445138         3.327486    
   3.460612         3.351138    
   3.472842         3.371167    
   3.482614         3.388242    
   3.490502         3.402894    
   3.496930         3.415543    
   3.502213         3.426525    
   3.506592         3.436111    
   3.573051         3.440660    
   3.578610         3.431981    
   3.585288         3.422136    
   3.593370         3.410926    
   3.603232         3.398114    
   3.615370         3.383412    
   3.630449         3.366483    
   3.649370         3.346923    
   3.673365         3.324263    
   3.704145         3.297960    
   3.744117         3.267411    
   3.796719         3.231979    
   3.866952         3.191042    
   3.962257         3.144091    
   4.094047         3.090830    
   4.280605         3.031140    
   4.553216         2.964144    
   4.970895         2.882883    
   5.660601         2.745604    
   6.965830         2.297653    
   3.535534         1.423617    
  0.1052356         2.297652    
   1.410467         2.745604    
   2.100173         2.882883    
   2.517852         2.964145    
   2.790463         3.031140    
   2.977021         3.090830    
   3.108810         3.144091    
   3.204116         3.191042    
   3.274349         3.231979    
   3.326951         3.267411    
   3.366923         3.297960    
   3.397703         3.324263    
   3.421698         3.346923    
   3.440619         3.366483    
   3.455698         3.383412    
   3.467836         3.398113    
   3.477698         3.410926    
   3.485780         3.422136    
   3.492458         3.431981    
   3.498016         3.440660    
   3.580736         3.446203    
   3.587258         3.438596    
   3.595047         3.430087    
   3.604414         3.420554    
   3.615761         3.409864    
   3.629611         3.397876    
   3.646655         3.384447    
   3.667813         3.369450    
   3.694319         3.352801    
   3.727848         3.334515    
   3.770702         3.314790    
   3.826085         3.294176    
   3.898531         3.273860    
   3.994603         3.256189    
   4.124102         3.245640    
   4.302405         3.250784    
   4.555589         3.288640    
   4.933827         3.396073    
   5.555985         3.667471    
   6.847080         4.407590    
            NaN              NaN
  0.2239847         4.407592    
   1.515082         3.667471    
   2.137240         3.396073    
   2.515479         3.288640    
   2.768663         3.250784    
   2.946966         3.245640    
   3.076465         3.256189    
   3.172536         3.273860    
   3.244983         3.294176    
   3.300366         3.314790    
   3.343220         3.334515    
   3.376749         3.352801    
   3.403255         3.369450    
   3.424413         3.384447    
   3.441457         3.397876    
   3.455307         3.409864    
   3.466653         3.420554    
   3.476020         3.430087    
   3.483810         3.438596    
   3.490332         3.446203    
   3.587404         3.452537    
   3.594650         3.446111    
   3.603244         3.439059    
   3.613500         3.431337    
   3.625813         3.422913    
   3.640694         3.413782    
   3.658799         3.403985    
   3.680980         3.393642    
   3.708351         3.383008    
   3.742372         3.372563    
   3.784973         3.363156    
   3.838712         3.356255    
   3.906999         3.354367    
   3.994386         3.361790    
   4.106959         3.386014    
   4.252749         3.440522    
   4.441763         3.550982    
   4.683090         3.770646    
   4.962700         4.224143    
   5.065290         5.227984    
   3.535534         5.647453    
   2.005777         5.227986    
   2.108367         4.224143    
   2.387978         3.770646    
   2.629305         3.550982    
   2.818319         3.440522    
   2.964108         3.386014    
   3.076681         3.361790    
   3.164069         3.354367    
   3.232355         3.356255    
   3.286095         3.363156    
   3.328695         3.372563    
   3.362717         3.383008    
   3.390087         3.393642    
   3.412269         3.403985    
   3.430373         3.413782    
   3.445254         3.422913    
   3.457568         3.431337    
   3.467824         3.439059    
   3.476418         3.446111    
   3.483664         3.452537    
   3.592977         3.459447    
   3.600703         3.454253    
   3.609795         3.448704    
   3.620546         3.442826    
   3.633323         3.436677    
   3.648586         3.430368    
   3.666909         3.424090    
   3.689016         3.418160    
   3.715810         3.413086    
   3.748421         3.409672    
   3.788246         3.409183    
   3.836982         3.413603    
   3.896617         3.426060    
   3.969314         3.451512    
   4.056976         3.497927    
   4.160005         3.578293    
   4.273729         3.713999    
   4.377989         3.939463    
   4.407058         4.300172    
   4.186574         4.787337    
   3.535534         4.591493    
   2.884494         4.787337    
   2.664010         4.300172    
   2.693079         3.939463    
   2.797339         3.713999    
   2.911063         3.578293    
   3.014092         3.497927    
   3.101754         3.451512    
   3.174450         3.426060    
   3.234087         3.413603    
   3.282822         3.409183    
   3.322647         3.409672    
   3.355258         3.413086    
   3.382052         3.418160    
   3.404158         3.424090    
   3.422482         3.430368    
   3.437745         3.436677    
   3.450522         3.442826    
   3.461273         3.448704    
   3.470365         3.454253    
   3.478091         3.459447    
   3.597429         3.466719    
   3.605400         3.462754    
   3.614697         3.458685    
   3.625580         3.454594    
   3.638367         3.450613    
   3.653441         3.446942    
   3.671268         3.443879    
   3.692401         3.441871    
   3.717496         3.441578    
   3.747306         3.443972    
   3.782659         3.450482    
   3.824386         3.463209    
   3.873152         3.485235    
   3.929077         3.521068    
   3.990933         3.577238    
   4.054448         3.662933    
   4.108804         3.790073    
   4.130011         3.970393    
   4.072142         4.202085    
   3.874502         4.434178    
   3.535534         4.239506    
   3.196566         4.434178    
   2.998926         4.202085    
   2.941057         3.970393    
   2.962264         3.790072    
   3.016620         3.662933    
   3.080135         3.577238    
   3.141991         3.521068    
   3.197916         3.485235    
   3.246682         3.463209    
   3.288409         3.450482    
   3.323762         3.443972    
   3.353572         3.441578    
   3.378667         3.441871    
   3.399800         3.443879    
   3.417626         3.446942    
   3.432701         3.450613    
   3.445487         3.454594    
   3.456371         3.458685    
   3.465667         3.462754    
   3.473639         3.466719    
   3.600777         3.474150    
   3.608780         3.471365    
   3.618023         3.468693    
   3.628723         3.466264    
   3.641136         3.464257    
   3.655560         3.462930    
   3.672335         3.462647    
   3.691841         3.463918    
   3.714480         3.467458    
   3.740651         3.474265    
   3.770674         3.485725    
   3.804672         3.503749    
   3.842326         3.530936    
   3.882449         3.570740    
   3.922230         3.627540    
   3.955968         3.706338    
   3.973187         3.811405    
   3.956718         3.942425    
   3.883852         4.086452    
   3.738234         4.208449    
   3.535534         4.063513    
   3.332834         4.208450    
   3.187216         4.086452    
   3.114350         3.942425    
   3.097880         3.811404    
   3.115100         3.706338    
   3.148838         3.627540    
   3.188619         3.570740    
   3.228742         3.530936    
   3.266396         3.503749    
   3.300393         3.485725    
   3.330417         3.474265    
   3.356587         3.467458    
   3.379227         3.463918    
   3.398732         3.462647    
   3.415508         3.462930    
   3.429932         3.464257    
   3.442345         3.466264    
   3.453045         3.468693    
   3.462288         3.471365    
   3.470291         3.474150    
   3.603075         3.481559    
   3.610927         3.479867    
   3.619898         3.478470    
   3.630159         3.477523    
   3.641901         3.477238    
   3.655335         3.477900    
   3.670678         3.479895    
   3.688146         3.483742    
   3.707923         3.490133    
   3.730111         3.499990    
   3.754648         3.514519    
   3.781167         3.535270    
   3.808775         3.564183    
   3.835700         3.603547    
   3.858785         3.655785    
   3.872835         3.722840    
   3.870051         3.804799    
   3.840307         3.897417    
   3.773875         3.988957    
   3.668130         4.059205    
   3.535534         3.957917    
   3.402937         4.059205    
   3.297193         3.988957    
   3.230761         3.897417    
   3.201017         3.804799    
   3.198233         3.722840    
   3.212283         3.655785    
   3.235368         3.603547    
   3.262293         3.564183    
   3.289901         3.535270    
   3.316420         3.514519    
   3.340956         3.499990    
   3.363144         3.490133    
   3.382921         3.483742    
   3.400390         3.479895    
   3.415733         3.477900    
   3.429166         3.477238    
   3.440909         3.477523    
   3.451170         3.478470    
   3.460141         3.479867    
   3.467993         3.481559    
   3.604408         3.488791    
   3.611957         3.488080    
   3.620485         3.487805    
   3.630116         3.488134    
   3.640978         3.489289    
   3.653199         3.491559    
   3.666890         3.495320    
   3.682131         3.501058    
   3.698930         3.509392    
   3.717175         3.521103    
   3.736554         3.537155    
   3.756432         3.558694    
   3.775679         3.587013    
   3.792452         3.623418    
   3.803924         3.668937    
   3.806083         3.723747    
   3.793812         3.786246    
   3.761680         3.851850    
   3.705971         3.912119    
   3.627809         3.955595    
   3.535534         3.887520    
   3.443259         3.955595    
   3.365097         3.912119    
   3.309388         3.851850    
   3.277256         3.786246    
   3.264984         3.723747    
   3.267144         3.668937    
   3.278616         3.623418    
   3.295388         3.587013    
   3.314636         3.558694    
   3.334513         3.537155    
   3.353892         3.521103    
   3.372138         3.509392    
   3.388937         3.501058    
   3.404178         3.495320    
   3.417869         3.491559    
   3.430089         3.489289    
   3.440952         3.488134    
   3.450583         3.487805    
   3.459111         3.488080    
   3.466660         3.488791    
   3.604877         3.495720    
   3.612010         3.495865    
   3.619972         3.496544    
   3.628842         3.497930    
   3.638695         3.500238    
   3.649586         3.503744    
   3.661543         3.508791    
   3.674537         3.515804    
   3.688457         3.525304    
   3.703054         3.537908    
   3.717882         3.554329    
   3.732207         3.575344    
   3.744895         3.601716    
   3.754300         3.634046    
   3.758170         3.672511    
   3.753675         3.716461    
   3.737678         3.763902    
   3.707445         3.811018    
   3.661843         3.852130    
   3.602717         3.880595    
   3.535534         3.837236    
   3.468351         3.880595    
   3.409225         3.852130    
   3.363623         3.811018    
   3.333390         3.763902    
   3.317393         3.716461    
   3.312897         3.672511    
   3.316768         3.634046    
   3.326173         3.601716    
   3.338861         3.575344    
   3.353186         3.554329    
   3.368014         3.537908    
   3.382611         3.525304    
   3.396531         3.515804    
   3.409525         3.508791    
   3.421481         3.503744    
   3.432373         3.500238    
   3.442225         3.497930    
   3.451096         3.496544    
   3.459058         3.495865    
   3.466191         3.495720    
   3.604598         3.502253    
   3.611233         3.503121    
   3.618548         3.504586    
   3.626584         3.506812    
   3.635368         3.510002    
   3.644901         3.514402    
   3.655143         3.520311    
   3.665997         3.528082    
   3.677273         3.538127    
   3.688654         3.550906    
   3.699648         3.566910    
   3.709532         3.586614    
   3.717291         3.610395    
   3.721579         3.638406    
   3.720720         3.670376    
   3.712820         3.705373    
   3.696041         3.741544    
   3.669093         3.775991    
   3.631896         3.804950    
   3.586166         3.824436    
   3.535534         3.799524    
   3.484902         3.824436    
   3.439171         3.804950    
   3.401975         3.775991    
   3.375027         3.741544    
   3.358248         3.705373    
   3.350348         3.670376    
   3.349489         3.638406    
   3.353776         3.610395    
   3.361536         3.586614    
   3.371420         3.566910    
   3.382414         3.550906    
   3.393795         3.538127    
   3.405071         3.528082    
   3.415925         3.520311    
   3.426167         3.514402    
   3.435700         3.510002    
   3.444484         3.506812    
   3.452520         3.504586    
   3.459835         3.503121    
   3.466470         3.502253    
   3.603687         3.508325    
   3.609775         3.509784    
   3.616401         3.511872    
   3.623574         3.514738    
   3.631285         3.518564    
   3.639494         3.523561    
   3.648118         3.529978    
   3.657014         3.538095    
   3.665954         3.548221    
   3.674602         3.560678    
   3.682476         3.575778    
   3.688925         3.593770    
   3.693102         3.614777    
   3.693962         3.638694    
   3.690313         3.665060    
   3.680930         3.692925    
   3.664773         3.720749    
   3.641303         3.746405    
   3.610827         3.767382    
   3.574749         3.781210    
   3.535534         3.770191    
   3.496319         3.781210    
   3.460240         3.767382    
   3.429765         3.746405    
   3.406295         3.720749    
   3.390138         3.692925    
   3.380755         3.665060    
   3.377105         3.638694    
   3.377966         3.614777    
   3.382143         3.593770    
   3.388592         3.575778    
   3.396466         3.560678    
   3.405113         3.548221    
   3.414054         3.538095    
   3.422949         3.529978    
   3.431574         3.523561    
   3.439782         3.518564    
   3.447493         3.514738    
   3.454667         3.511872    
   3.461293         3.509784    
   3.467381         3.508325    
   3.602260         3.513897    
   3.607778         3.515823    
   3.613703         3.518384    
   3.620022         3.521711    
   3.626698         3.525960    
   3.633663         3.531307    
   3.640808         3.537950    
   3.647968         3.546101    
   3.654906         3.555981    
   3.661293         3.567800    
   3.666696         3.581732    
   3.670557         3.597873    
   3.672201         3.616190    
   3.670847         3.636450    
   3.665669         3.658144    
   3.655895         3.680418    
   3.640963         3.702050    
   3.620708         3.721501    
   3.595551         3.737071    
   3.566587         3.747177    
   3.535534         3.746726    
   3.504481         3.747177    
   3.475517         3.737071    
   3.450359         3.721501    
   3.430105         3.702050    
   3.415173         3.680418    
   3.405399         3.658144    
   3.400220         3.636450    
   3.398867         3.616190    
   3.400510         3.597873    
   3.404372         3.581732    
   3.409775         3.567800    
   3.416162         3.555981    
   3.423100         3.546101    
   3.430260         3.537950    
   3.437405         3.531307    
   3.444370         3.525960    
   3.451046         3.521711    
   3.457364         3.518384    
   3.463290         3.515823    
   3.468808         3.513897    
